[gd_scene load_steps=6 format=2]

[ext_resource path="res://Meshes/Objects/Spikes.png" type="Texture" id=1]

[sub_resource type="CubeMesh" id=13]
size = Vector3( 0.5, 0.1, 0.5 )

[sub_resource type="SpatialMaterial" id=11]
albedo_texture = ExtResource( 1 )

[sub_resource type="SpatialMaterial" id=15]
albedo_color = Color( 0.552941, 0.552941, 0.552941, 1 )

[sub_resource type="BoxShape" id=12]
extents = Vector3( 0.25, 0.25, 0.25 )

[node name="Spatial" type="Spatial"]

[node name="Spikes" type="MeshInstance" parent="."]
transform = Transform( 1, 0, 0, 0, 1, 0, 0, 0, 1, 0, 0.05, 0 )
mesh = SubResource( 13 )
skeleton = NodePath("")
material/0 = SubResource( 11 )

[node name="Spike" type="CSGCylinder" parent="Spikes"]
transform = Transform( 0.707107, 0, 0.707107, 0, 1, 0, -0.707107, 0, 0.707107, -0.125, 0.25, -0.125 )
radius = 0.148
height = 0.4
sides = 4
cone = true
smooth_faces = false
material = SubResource( 15 )

[node name="Spike2" type="CSGCylinder" parent="Spikes"]
transform = Transform( 0.707107, 0, 0.707107, 0, 1, 0, -0.707107, 0, 0.707107, 0.125, 0.25, -0.125 )
radius = 0.148
height = 0.4
sides = 4
cone = true
smooth_faces = false
material = SubResource( 15 )

[node name="Spike3" type="CSGCylinder" parent="Spikes"]
transform = Transform( 0.707107, 0, 0.707107, 0, 1, 0, -0.707107, 0, 0.707107, -0.125, 0.25, 0.125 )
radius = 0.148
height = 0.4
sides = 4
cone = true
smooth_faces = false
material = SubResource( 15 )

[node name="Spike4" type="CSGCylinder" parent="Spikes"]
transform = Transform( 0.707107, 0, 0.707107, 0, 1, 0, -0.707107, 0, 0.707107, 0.125, 0.25, 0.125 )
radius = 0.148
height = 0.4
sides = 4
cone = true
smooth_faces = false
material = SubResource( 15 )

[node name="StaticBody" type="StaticBody" parent="Spikes"]
transform = Transform( 1, 0, 0, 0, 1, 0, 0, 0, 1, 0, -0.05, 0 )
collision_layer = 4
collision_mask = 0

[node name="CollisionShape" type="CollisionShape" parent="Spikes/StaticBody"]
transform = Transform( 1, 0, 0, 0, 1, 0, 0, 0, 1, 0, 0.25, 0 )
shape = SubResource( 12 )
